 0.000000e+00  2.000000e+00
 1.000000e-01  1.874598e+00
 2.000000e-01  1.702347e+00
 3.000000e-01  1.490766e+00
 4.000000e-01  1.246620e+00
 5.000000e-01  9.759866e-01
 6.000000e-01  6.843118e-01
 7.000000e-01  3.764607e-01
 8.000000e-01  5.676862e-02
 9.000000e-01 -2.709142e-01
 1.000000e+00 -6.031806e-01
 1.100000e+00 -9.370280e-01
 1.200000e+00 -1.269822e+00
 1.300000e+00 -1.599265e+00
 1.400000e+00 -1.923363e+00
 1.500000e+00 -2.240400e+00
 1.600000e+00 -2.548910e+00
 1.700000e+00 -2.847655e+00
 1.800000e+00 -3.135603e+00
 1.900000e+00 -3.411905e+00
 2.000000e+00 -3.675881e+00
 2.100000e+00 -3.926997e+00
 2.200000e+00 -4.164857e+00
 2.300000e+00 -4.389180e+00
 2.400000e+00 -4.599795e+00
 2.500000e+00 -4.796623e+00
 2.600000e+00 -4.979669e+00
 2.700000e+00 -5.149011e+00
 2.800000e+00 -5.304792e+00
 2.900000e+00 -5.447210e+00
 3.000000e+00 -5.576510e+00
 3.100000e+00 -5.692981e+00
 3.200000e+00 -5.796944e+00
 3.300000e+00 -5.888751e+00
 3.400000e+00 -5.968780e+00
 3.500000e+00 -6.037425e+00
 3.600000e+00 -6.095097e+00
 3.700000e+00 -6.142220e+00
 3.800000e+00 -6.179225e+00
 3.900000e+00 -6.206550e+00
 4.000000e+00 -6.224633e+00
 4.100000e+00 -6.233916e+00
 4.200000e+00 -6.234836e+00
 4.300000e+00 -6.227829e+00
 4.400000e+00 -6.213325e+00
 4.500000e+00 -6.191747e+00
 4.600000e+00 -6.163512e+00
 4.700000e+00 -6.129026e+00
 4.800000e+00 -6.088688e+00
 4.900000e+00 -6.042884e+00
 5.000000e+00 -5.991991e+00
 5.100000e+00 -5.936374e+00
 5.200000e+00 -5.876387e+00
 5.300000e+00 -5.812370e+00
 5.400000e+00 -5.744653e+00
 5.500000e+00 -5.673552e+00
 5.600000e+00 -5.599371e+00
 5.700000e+00 -5.522401e+00
 5.800000e+00 -5.442922e+00
 5.900000e+00 -5.361201e+00
 6.000000e+00 -5.277492e+00
 6.100000e+00 -5.192037e+00
 6.200000e+00 -5.105068e+00
 6.300000e+00 -5.016803e+00
 6.400000e+00 -4.927451e+00
 6.500000e+00 -4.837207e+00
 6.600000e+00 -4.746259e+00
 6.700000e+00 -4.654781e+00
 6.800000e+00 -4.562939e+00
 6.900000e+00 -4.470888e+00
 7.000000e+00 -4.378775e+00
 7.100000e+00 -4.286735e+00
 7.200000e+00 -4.194897e+00
 7.300000e+00 -4.103380e+00
 7.400000e+00 -4.012295e+00
 7.500000e+00 -3.921745e+00
 7.600000e+00 -3.831826e+00
 7.700000e+00 -3.742626e+00
 7.800000e+00 -3.654227e+00
 7.900000e+00 -3.566704e+00
 8.000000e+00 -3.480124e+00
 8.100000e+00 -3.394551e+00
 8.200000e+00 -3.310041e+00
 8.300000e+00 -3.226646e+00
 8.400000e+00 -3.144412e+00
 8.500000e+00 -3.063380e+00
 8.600000e+00 -2.983587e+00
 8.700000e+00 -2.905064e+00
 8.800000e+00 -2.827840e+00
 8.900000e+00 -2.751940e+00
 9.000000e+00 -2.677383e+00
 9.100000e+00 -2.604186e+00
 9.200000e+00 -2.532364e+00
 9.300000e+00 -2.461927e+00
 9.400000e+00 -2.392882e+00
 9.500000e+00 -2.325235e+00
 9.600000e+00 -2.258989e+00
 9.700000e+00 -2.194143e+00
 9.800000e+00 -2.130695e+00
 9.900000e+00 -2.068642e+00
 1.000000e+01 -2.007978e+00
 1.010000e+01 -1.948696e+00
 1.020000e+01 -1.890785e+00
 1.030000e+01 -1.834236e+00
 1.040000e+01 -1.779036e+00
 1.050000e+01 -1.725172e+00
 1.060000e+01 -1.672630e+00
 1.070000e+01 -1.621394e+00
 1.080000e+01 -1.571448e+00
 1.090000e+01 -1.522775e+00
 1.100000e+01 -1.475357e+00
 1.110000e+01 -1.429176e+00
 1.120000e+01 -1.384211e+00
 1.130000e+01 -1.340444e+00
 1.140000e+01 -1.297854e+00
 1.150000e+01 -1.256421e+00
 1.160000e+01 -1.216124e+00
 1.170000e+01 -1.176941e+00
 1.180000e+01 -1.138853e+00
 1.190000e+01 -1.101836e+00
 1.200000e+01 -1.065870e+00
 1.210000e+01 -1.030932e+00
 1.220000e+01 -9.970017e-01
 1.230000e+01 -9.640567e-01
 1.240000e+01 -9.320754e-01
 1.250000e+01 -9.010363e-01
 1.260000e+01 -8.709179e-01
 1.270000e+01 -8.416988e-01
 1.280000e+01 -8.133579e-01
 1.290000e+01 -7.858741e-01
 1.300000e+01 -7.592266e-01
 1.310000e+01 -7.333948e-01
 1.320000e+01 -7.083584e-01
 1.330000e+01 -6.840972e-01
 1.340000e+01 -6.605914e-01
 1.350000e+01 -6.378214e-01
 1.360000e+01 -6.157680e-01
 1.370000e+01 -5.944120e-01
 1.380000e+01 -5.737350e-01
 1.390000e+01 -5.537184e-01
 1.400000e+01 -5.343442e-01
 1.410000e+01 -5.155948e-01
 1.420000e+01 -4.974527e-01
 1.430000e+01 -4.799009e-01
 1.440000e+01 -4.629226e-01
 1.450000e+01 -4.465015e-01
 1.460000e+01 -4.306215e-01
 1.470000e+01 -4.152670e-01
 1.480000e+01 -4.004226e-01
 1.490000e+01 -3.860732e-01
 1.500000e+01 -3.722042e-01
 1.510000e+01 -3.588012e-01
 1.520000e+01 -3.458502e-01
 1.530000e+01 -3.333377e-01
 1.540000e+01 -3.212501e-01
 1.550000e+01 -3.095745e-01
 1.560000e+01 -2.982982e-01
 1.570000e+01 -2.874088e-01
 1.580000e+01 -2.768943e-01
 1.590000e+01 -2.667429e-01
 1.600000e+01 -2.569431e-01
 1.610000e+01 -2.474839e-01
 1.620000e+01 -2.383544e-01
 1.630000e+01 -2.295441e-01
 1.640000e+01 -2.210426e-01
 1.650000e+01 -2.128401e-01
 1.660000e+01 -2.049268e-01
 1.670000e+01 -1.972932e-01
 1.680000e+01 -1.899303e-01
 1.690000e+01 -1.828291e-01
 1.700000e+01 -1.759810e-01
 1.710000e+01 -1.693776e-01
 1.720000e+01 -1.630108e-01
 1.730000e+01 -1.568726e-01
 1.740000e+01 -1.509554e-01
 1.750000e+01 -1.452517e-01
 1.760000e+01 -1.397544e-01
 1.770000e+01 -1.344563e-01
 1.780000e+01 -1.293508e-01
 1.790000e+01 -1.244313e-01
 1.800000e+01 -1.196913e-01
 1.810000e+01 -1.151248e-01
 1.820000e+01 -1.107256e-01
 1.830000e+01 -1.064881e-01
 1.840000e+01 -1.024066e-01
 1.850000e+01 -9.847574e-02
 1.860000e+01 -9.469016e-02
 1.870000e+01 -9.104480e-02
 1.880000e+01 -8.753476e-02
 1.890000e+01 -8.415524e-02
 1.900000e+01 -8.090164e-02
 1.910000e+01 -7.776950e-02
 1.920000e+01 -7.475450e-02
 1.930000e+01 -7.185247e-02
 1.940000e+01 -6.905937e-02
 1.950000e+01 -6.637130e-02
 1.960000e+01 -6.378448e-02
 1.970000e+01 -6.129528e-02
 1.980000e+01 -5.890017e-02
 1.990000e+01 -5.659574e-02
 2.000000e+01 -5.437871e-02
